8.000000000E+00 0.000000000E+00 0.000000000E+00 0.000000000E+00 0.000000000E+00 0.000000000E+00
9.000000000E+00 2.802516187E+01 3.953163767E+00 2.885181503E+00 1.320371223E-01 1.230312264E-01
1.000000000E+01 5.541231343E+01 8.695463004E+00 6.906501097E+00 3.455167983E-01 3.011627973E-01
1.100000000E+01 5.760023960E+01 1.302216376E+01 1.216010542E+01 6.837372838E-01 5.647848848E-01
1.200000000E+01 5.798582773E+01 1.615221603E+01 1.811824388E+01 1.191748456E+00 9.552699942E-01
1.300000000E+01 5.786614324E+01 1.818406472E+01 2.370643733E+01 1.869554101E+00 1.503963899E+00
1.400000000E+01 5.747646274E+01 1.946634170E+01 2.812906184E+01 2.610792383E+00 2.169488722E+00
1.500000000E+01 5.693788746E+01 2.027456638E+01 3.128512213E+01 3.257672792E+00 2.814114669E+00
1.600000000E+01 5.631641697E+01 2.078427552E+01 3.344313766E+01 3.735101023E+00 3.322335761E+00
1.700000000E+01 5.564980621E+01 2.110227092E+01 3.490614157E+01 4.059560454E+00 3.678778258E+00
1.800000000E+01 5.496039979E+01 2.129351264E+01 3.590176128E+01 4.274779105E+00 3.918725595E+00
1.900000000E+01 5.426177260E+01 2.139818026E+01 3.658118955E+01 4.417720568E+00 4.079471802E+00
2.000000000E+01 5.356237158E+01 2.144181670E+01 3.704184998E+01 4.513314336E+00 4.187655975E+00
2.200000000E+01 5.218082088E+01 2.140771498E+01 3.753858602E+01 4.619908795E+00 4.309038217E+00
2.400000000E+01 5.083974577E+01 2.127192025E+01 3.768753916E+01 4.663954237E+00 4.359236938E+00
2.600000000E+01 4.954913559E+01 2.107588291E+01 3.763276806E+01 4.675380200E+00 4.371689995E+00
2.800000000E+01 4.831261677E+01 2.084316093E+01 3.745217069E+01 4.668479060E+00 4.362651435E+00
3.000000000E+01 4.713066293E+01 2.058809526E+01 3.719111683E+01 4.650659584E+00 4.340738698E+00
3.200000000E+01 4.600211394E+01 2.031981720E+01 3.687745609E+01 4.626012146E+00 4.310831232E+00
3.400000000E+01 4.492496748E+01 2.004432867E+01 3.652901355E+01 4.596921286E+00 4.275842848E+00
3.600000000E+01 4.389681532E+01 1.976567136E+01 3.615761568E+01 4.564849133E+00 4.237593721E+00
3.800000000E+01 4.291509025E+01 1.948661787E+01 3.577135932E+01 4.530736025E+00 4.197265745E+00
4.000000000E+01 4.197720657E+01 1.920909572E+01 3.537594010E+01 4.495214245E+00 4.155652273E+00
4.200000000E+01 4.108063936E+01 1.893445542E+01 3.497545695E+01 4.458726487E+00 4.113301074E+00
4.400000000E+01 4.022296757E+01 1.866364476E+01 3.457291506E+01 4.421593910E+00 4.070599321E+00
4.600000000E+01 3.940189584E+01 1.839732492E+01 3.417054974E+01 4.384056619E+00 4.027825883E+00
4.800000000E+01 3.861526349E+01 1.813594971E+01 3.377004112E+01 4.346298582E+00 3.985184558E+00
5.000000000E+01 3.786104600E+01 1.787982089E+01 3.337266027E+01 4.308463520E+00 3.942825800E+00
5.500000000E+01 3.632332035E+01 1.726278541E+01 3.239830047E+01 4.214211028E+00 3.838816406E+00
6.000000000E+01 3.472176265E+01 1.668127159E+01 3.145893243E+01 4.121405831E+00 3.738303347E+00
6.500000000E+01 3.326422954E+01 1.613384050E+01 3.055864592E+01 4.030764661E+00 3.641763601E+00
7.000000000E+01 3.193219235E+01 1.561895966E+01 2.969905201E+01 3.942720653E+00 3.549371923E+00
7.500000000E+01 3.071008035E+01 1.513471982E+01 2.888011039E+01 3.857513000E+00 3.461127439E+00
8.000000000E+01 2.958474666E+01 1.467908378E+01 2.810083187E+01 3.775254455E+00 3.376931264E+00
8.500000000E+01 2.854503281E+01 1.425002071E+01 2.735969485E+01 3.695974129E+00 3.296630775E+00
9.000000000E+01 2.758141717E+01 1.384557739E+01 2.665489858E+01 3.619645717E+00 3.220045746E+00
9.500000000E+01 2.668573166E+01 1.346391372E+01 2.598451931E+01 3.546206561E+00 3.146984091E+00
1.000000000E+02 2.585093324E+01 1.310331787E+01 2.534660681E+01 3.475570729E+00 3.077251421E+00
1.100000000E+02 2.434037660E+01 1.243913999E+01 2.416058475E+01 3.342300450E+00 2.947016322E+00
1.200000000E+02 2.300968169E+01 1.184190248E+01 2.308240893E+01 3.218962928E+00 2.827905513E+00
1.400000000E+02 2.077111194E+01 1.081249364E+01 2.119958973E+01 2.998570404E+00 2.618074729E+00
1.600000000E+02 1.895891571E+01 9.957405937E+00 1.961346152E+01 2.807904946E+00 2.439299268E+00
1.800000000E+02 1.745973987E+01 9.235985678E+00 1.826055726E+01 2.641586202E+00 2.285199272E+00
2.000000000E+02 1.619736919E+01 8.619061735E+00 1.709343345E+01 2.495315821E+00 2.150967556E+00
2.500000000E+02 1.376408814E+01 7.406659524E+00 1.477382410E+01 2.196695254E+00 1.880314407E+00
3.000000000E+02 1.200833091E+01 6.513724315E+00 1.304463900E+01 1.966986098E+00 1.674920484E+00
3.500000000E+02 1.067687563E+01 5.826875045E+00 1.170320736E+01 1.784453047E+00 1.513293964E+00
4.000000000E+02 9.629633921E+00 5.280886735E+00 1.063015049E+01 1.635634089E+00 1.382497632E+00
4.500000000E+02 8.782587680E+00 4.835595254E+00 9.750740189E+00 1.511769518E+00 1.274276032E+00
5.000000000E+02 8.082165491E+00 4.464899322E+00 9.015819527E+00 1.406915712E+00 1.183107557E+00
5.390000000E+02 7.614139412E+00 4.215932822E+00 8.520821785E+00 1.335595397E+00 1.121323711E+00
5.400000000E+02 7.602909397E+00 4.209952283E+00 8.508921375E+00 1.333871193E+00 1.119832319E+00
6.000000000E+02 6.988755281E+00 3.881684489E+00 7.854539129E+00 1.238685687E+00 1.037663702E+00
7.000000000E+02 6.171936125E+00 3.442339952E+00 6.975813817E+00 1.109259520E+00 9.264511582E-01
8.000000000E+02 5.536749370E+00 3.098476252E+00 6.285806016E+00 1.006302717E+00 8.384032931E-01
9.000000000E+02 5.027590006E+00 2.821405011E+00 5.728440011E+00 9.222596458E-01 7.668060599E-01
1.000000000E+03 4.609641633E+00 2.592991287E+00 5.268056417E+00 8.522314079E-01 7.073383315E-01
1.500000000E+03 3.300285370E+00 1.871469351E+00 3.808848326E+00 6.264463145E-01 5.168025761E-01
2.000000000E+03 2.591487787E+00 1.476801346E+00 3.007670737E+00 4.997918549E-01 4.107529161E-01
2.500000000E+03 2.145486218E+00 1.226851310E+00 2.499338321E+00 4.183379704E-01 3.428882863E-01
3.000000000E+03 1.837386361E+00 1.053396244E+00 2.146206162E+00 3.612072581E-01 2.954570824E-01
3.500000000E+03 1.611014644E+00 9.255120373E-01 1.885681887E+00 3.187496808E-01 2.603030571E-01
4.000000000E+03 1.437234282E+00 8.270686341E-01 1.685050419E+00 2.858616077E-01 2.331312467E-01
4.500000000E+03 1.299373564E+00 7.487968580E-01 1.525485583E+00 2.595792687E-01 2.114558210E-01
5.000000000E+03 1.187180488E+00 6.849770789E-01 1.395358777E+00 2.380585395E-01 1.937342092E-01
6.000000000E+03 1.015285526E+00 5.869730785E-01 1.195500206E+00 2.048431082E-01 1.664324117E-01
7.000000000E+03 8.894587707E-01 5.150512039E-01 1.048816448E+00 1.803310122E-01 1.463257590E-01
8.000000000E+03 7.931529094E-01 4.598907267E-01 9.363158568E-01 1.614481900E-01 1.308622689E-01
9.000000000E+03 7.169424427E-01 4.161663108E-01 8.471422493E-01 1.464259263E-01 1.185771678E-01
1.000000000E+04 6.550522537E-01 3.806070072E-01 7.746253159E-01 1.341717049E-01 1.085674664E-01
2.000000000E+04 4.379945131E-01 2.190862961E-01 4.366585901E-01 7.585640004E-02 6.112632504E-02
3.000000000E+04 3.119374158E-01 1.566320541E-01 3.121027914E-01 5.456188039E-02 4.386473471E-02
4.000000000E+04 2.466131075E-01 1.241368672E-01 2.473005014E-01 4.340735165E-02 3.484539002E-02
5.000000000E+04 2.064569710E-01 1.041080449E-01 2.073632215E-01 3.650209204E-02 2.927112293E-02
6.000000000E+04 1.792031944E-01 9.048797921E-02 1.802079858E-01 3.179159352E-02 2.547313745E-02
7.000000000E+04 1.594649363E-01 8.060880776E-02 1.605132743E-01 2.836664943E-02 2.271423104E-02
8.000000000E+04 1.444970097E-01 7.310804720E-02 1.455614818E-01 2.576125388E-02 2.061706335E-02
9.000000000E+04 1.327504200E-01 6.721558549E-02 1.338166291E-01 2.371125926E-02 1.896797371E-02
1.000000000E+05 1.232835228E-01 6.246260136E-02 1.243437151E-01 2.205548598E-02 1.763670398E-02
1.100000000E+05 1.159133251E-01 5.895091782E-02 1.173500904E-01 2.085260673E-02 1.666443196E-02
1.200000000E+05 1.094197044E-01 5.570256119E-02 1.108765323E-01 1.972026193E-02 1.575426730E-02
1.300000000E+05 1.039069638E-01 5.294569542E-02 1.053828294E-01 1.875867063E-02 1.498155120E-02
1.400000000E+05 9.916985714E-02 5.057771486E-02 1.006643705E-01 1.793232318E-02 1.431765591E-02
1.500000000E+05 9.505680995E-02 4.852279069E-02 9.656995157E-02 1.721494711E-02 1.374141011E-02
1.600000000E+05 9.145341386E-02 4.672365027E-02 9.298537665E-02 1.658667877E-02 1.323681345E-02
1.700000000E+05 8.827166820E-02 4.513621448E-02 8.982276159E-02 1.603221634E-02 1.279154468E-02
1.800000000E+05 8.544275964E-02 4.372599694E-02 8.701335154E-02 1.553957783E-02 1.239595898E-02
1.900000000E+05 8.291209348E-02 4.246562305E-02 8.450257350E-02 1.509924495E-02 1.204239697E-02
2.000000000E+05 8.063579320E-02 4.133308276E-02 8.224655084E-02 1.470355919E-02 1.172469766E-02
3.000000000E+05 6.633797444E-02 3.426428054E-02 6.816808223E-02 1.223548253E-02 9.742865591E-03
4.000000000E+05 5.941773863E-02 3.090581916E-02 6.148152657E-02 1.106740103E-02 8.803876403E-03
5.000000000E+05 5.546116963E-02 2.903560311E-02 5.775920511E-02 1.042157954E-02 8.283541545E-03
6.000000000E+05 5.297594198E-02 2.790152547E-02 5.550284098E-02 1.003412604E-02 7.970284080E-03
7.000000000E+05 5.131918055E-02 2.717960189E-02 5.406712800E-02 9.791208849E-03 7.772891797E-03
8.000000000E+05 5.016972373E-02 2.670813858E-02 5.313004770E-02 9.635978606E-03 7.645826284E-03
9.000000000E+05 4.935010956E-02 2.639795638E-02 5.251401464E-02 9.537075826E-03 7.563970612E-03
1.000000000E+06 4.799616840E-02 2.546397949E-02 5.065113845E-02 9.181823496E-03 7.286524161E-03
1.200000000E+06 4.699080601E-02 2.502797426E-02 4.978422801E-02 9.035153996E-03 7.167348018E-03
1.400000000E+06 4.635394693E-02 2.477217082E-02 4.927597795E-02 8.951489920E-03 7.098717524E-03
1.600000000E+06 4.593312787E-02 2.461962720E-02 4.897320512E-02 8.903689840E-03 7.058920720E-03
1.800000000E+06 4.564686104E-02 2.452964509E-02 4.879489295E-02 8.877435520E-03 7.036494088E-03
2.000000000E+06 4.544829850E-02 2.447912002E-02 4.869505429E-02 8.864626549E-03 7.024945095E-03
2.200000000E+06 4.530896210E-02 2.445421476E-02 4.864615148E-02 8.860432281E-03 7.020396631E-03
2.400000000E+06 4.521076057E-02 2.444628947E-02 4.863099265E-02 8.861851844E-03 7.020436160E-03
2.600000000E+06 4.514178343E-02 2.444976751E-02 4.863848324E-02 8.866960055E-03 7.023512867E-03
2.800000000E+06 4.509395357E-02 2.446095167E-02 4.866126945E-02 8.874489716E-03 7.028603555E-03
3.000000000E+06 4.506165724E-02 2.447733763E-02 4.869437070E-02 8.883589609E-03 7.035018995E-03
3.200000000E+06 4.504090905E-02 2.449719870E-02 4.873435441E-02 8.893678745E-03 7.042287173E-03
3.400000000E+06 4.502882850E-02 2.451932793E-02 4.877882155E-02 8.904355768E-03 7.050080723E-03
3.600000000E+06 4.502330118E-02 2.454287229E-02 4.882607745E-02 8.915341099E-03 7.058170490E-03
3.800000000E+06 4.502275434E-02 2.456722444E-02 4.887491605E-02 8.926439091E-03 7.066395156E-03
4.000000000E+06 4.502600333E-02 2.459194975E-02 4.892447439E-02 8.937512678E-03 7.074640852E-03
4.200000000E+06 4.503214753E-02 2.461673661E-02 4.897413442E-02 8.948466282E-03 7.082827414E-03
4.400000000E+06 4.504049647E-02 2.464136218E-02 4.902345443E-02 8.959233889E-03 7.090898756E-03
4.600000000E+06 4.505051533E-02 2.466566780E-02 4.907212042E-02 8.969770754E-03 7.098816196E-03
4.800000000E+06 4.506178873E-02 2.468954230E-02 4.911991232E-02 8.980047514E-03 7.106553662E-03
5.000000000E+06 4.507399127E-02 2.471290893E-02 4.916667882E-02 8.990045934E-03 7.114094287E-03
5.200000000E+06 4.508686754E-02 2.473571682E-02 4.921231985E-02 8.999755974E-03 7.121427984E-03
5.400000000E+06 4.510021545E-02 2.475793404E-02 4.925677273E-02 9.009173397E-03 7.128549532E-03
5.600000000E+06 4.511387526E-02 2.477954282E-02 4.930000318E-02 9.018298294E-03 7.135457356E-03
5.800000000E+06 4.512772098E-02 2.480053578E-02 4.934199727E-02 9.027133777E-03 7.142152463E-03
6.000000000E+06 4.514165188E-02 2.482091333E-02 4.938275663E-02 9.035685173E-03 7.148637766E-03
6.200000000E+06 4.515558906E-02 2.484068157E-02 4.942229400E-02 9.043959267E-03 7.154917478E-03
6.400000000E+06 4.516946936E-02 2.485985059E-02 4.946063024E-02 9.051963896E-03 7.160996769E-03
6.600000000E+06 4.518324325E-02 2.487843352E-02 4.949779197E-02 9.059707543E-03 7.166881418E-03
6.800000000E+06 4.519687209E-02 2.489644551E-02 4.953380980E-02 9.067199063E-03 7.172577586E-03
7.000000000E+06 4.521032525E-02 2.491390294E-02 4.956871692E-02 9.074447477E-03 7.178091660E-03
7.200000000E+06 4.522357988E-02 2.493082323E-02 4.960254826E-02 9.081461853E-03 7.183430124E-03
7.400000000E+06 4.523661840E-02 2.494722403E-02 4.963533958E-02 9.088251154E-03 7.188599437E-03
7.600000000E+06 4.524942772E-02 2.496312336E-02 4.966712683E-02 9.094824158E-03 7.193605982E-03
7.800000000E+06 4.526199832E-02 2.497853886E-02 4.969794582E-02 9.101189484E-03 7.198456054E-03
8.000000000E+06 4.527432402E-02 2.499348831E-02 4.972783198E-02 9.107355449E-03 7.203155760E-03
8.200000000E+06 4.528640129E-02 2.500798894E-02 4.975682006E-02 9.113330098E-03 7.207711013E-03
8.400000000E+06 4.529822807E-02 2.502205759E-02 4.978494354E-02 9.119121150E-03 7.212127531E-03
8.600000000E+06 4.530980383E-02 2.503571055E-02 4.981223547E-02 9.124736088E-03 7.216410857E-03
8.800000000E+06 4.532112977E-02 2.504896364E-02 4.983872740E-02 9.130182027E-03 7.220566280E-03
9.000000000E+06 4.533220813E-02 2.506183213E-02 4.986444987E-02 9.135465766E-03 7.224598859E-03
9.200000000E+06 4.534304127E-02 2.507433070E-02 4.988943237E-02 9.140593889E-03 7.228513511E-03
9.400000000E+06 4.535363330E-02 2.508647348E-02 4.991370314E-02 9.145572585E-03 7.232314857E-03
9.600000000E+06 4.536398792E-02 2.509827393E-02 4.993728932E-02 9.150407812E-03 7.236007360E-03
9.800000000E+06 4.537410948E-02 2.510974507E-02 4.996021679E-02 9.155105241E-03 7.239595272E-03
1.000000000E+07 4.538400273E-02 2.512089931E-02 4.998251057E-02 9.159670301E-03 7.243082668E-03
