8.000000000E+00 0.000000000E+00 0.000000000E+00 0.000000000E+00 0.000000000E+00 0.000000000E+00
9.000000000E+00 3.247245243E+01 2.407371934E+00 2.312745213E+00 3.166896276E-01 1.470574316E-01
1.000000000E+01 6.319193566E+01 5.658431138E+00 5.622005409E+00 8.377677133E-01 3.600864642E-01
1.100000000E+01 6.708490461E+01 8.754940213E+00 1.006366555E+01 1.671049721E+00 6.790343346E-01
1.200000000E+01 6.840573175E+01 1.088607386E+01 1.518519514E+01 2.928696328E+00 1.166219714E+00
1.300000000E+01 6.882750871E+01 1.217482894E+01 1.997666173E+01 4.615375403E+00 1.891964495E+00
1.400000000E+01 6.876631551E+01 1.294569129E+01 2.370931457E+01 6.469487867E+00 2.836363417E+00
1.500000000E+01 6.843119274E+01 1.341313698E+01 2.632626511E+01 8.086696149E+00 3.780779353E+00
1.600000000E+01 6.793410219E+01 1.369755901E+01 2.808671579E+01 9.269548021E+00 4.506410108E+00
1.700000000E+01 6.733948186E+01 1.386741629E+01 2.926364442E+01 1.006369939E+01 4.991142209E+00
1.800000000E+01 6.668619172E+01 1.396295317E+01 3.005632027E+01 1.058570890E+01 5.303874287E+00
1.900000000E+01 6.599826063E+01 1.400843764E+01 3.059323973E+01 1.093070586E+01 5.506939743E+00
2.000000000E+01 6.529090466E+01 1.401895376E+01 3.095480795E+01 1.116078042E+01 5.640303773E+00
2.200000000E+01 6.385426597E+01 1.397078565E+01 3.133826073E+01 1.141569313E+01 5.784702842E+00
2.400000000E+01 6.242296040E+01 1.386466796E+01 3.144181057E+01 1.151761645E+01 5.838800207E+00
2.600000000E+01 6.101962035E+01 1.372417743E+01 3.137954017E+01 1.153870952E+01 5.845215503E+00
2.800000000E+01 5.965574316E+01 1.356281313E+01 3.121385773E+01 1.151397261E+01 5.824443414E+00
3.000000000E+01 5.833701213E+01 1.338889217E+01 3.098165828E+01 1.146185836E+01 5.787377374E+00
3.200000000E+01 5.706583374E+01 1.320777130E+01 3.070589130E+01 1.139269519E+01 5.740232090E+00
3.400000000E+01 5.584270232E+01 1.302300246E+01 3.040139846E+01 1.131256203E+01 5.686751081E+00
3.600000000E+01 5.466698720E+01 1.283699002E+01 3.007809886E+01 1.122520533E+01 5.629291036E+00
3.800000000E+01 5.353740339E+01 1.265138559E+01 2.974281320E+01 1.113303586E+01 5.569390806E+00
4.000000000E+01 5.245229878E+01 1.246733411E+01 2.940034757E+01 1.103766850E+01 5.508086187E+00
4.200000000E+01 5.140983157E+01 1.228563191E+01 2.905415870E+01 1.094022546E+01 5.446091968E+00
4.400000000E+01 5.040808077E+01 1.210683078E+01 2.870677439E+01 1.084151237E+01 5.383911362E+00
4.600000000E+01 4.944511511E+01 1.193130808E+01 2.836006685E+01 1.074212403E+01 5.321904069E+00
4.800000000E+01 4.851903571E+01 1.175931507E+01 2.801543512E+01 1.064250978E+01 5.260329936E+00
5.000000000E+01 4.762800206E+01 1.159101067E+01 2.767392990E+01 1.054301548E+01 5.199377766E+00
5.500000000E+01 4.576114445E+01 1.118643509E+01 2.683827537E+01 1.029638797E+01 5.050513627E+00
6.000000000E+01 4.384766387E+01 1.080607454E+01 2.603463947E+01 1.005499666E+01 4.907591997E+00
6.500000000E+01 4.209607935E+01 1.044873428E+01 2.526613680E+01 9.820413046E+00 4.771090460E+00
7.000000000E+01 4.048721510E+01 1.011320634E+01 2.453380763E+01 9.593525132E+00 4.641098142E+00
7.500000000E+01 3.900459426E+01 9.798091342E+00 2.383734285E+01 9.374764101E+00 4.517487998E+00
8.000000000E+01 3.763405396E+01 9.501945455E+00 2.317567354E+01 9.164269977E+00 4.400019044E+00
8.500000000E+01 3.636339448E+01 9.223357508E+00 2.254731736E+01 8.961994994E+00 4.288393567E+00
9.000000000E+01 3.518207507E+01 8.960987996E+00 2.195058701E+01 8.767770773E+00 4.182290052E+00
9.500000000E+01 3.408095613E+01 8.713586922E+00 2.138371721E+01 8.581353095E+00 4.081382371E+00
1.000000000E+02 3.305208336E+01 8.479999783E+00 2.084494199E+01 8.402452163E+00 3.985350920E+00
1.100000000E+02 3.118413720E+01 8.050121056E+00 1.984487127E+01 8.065930499E+00 3.806705800E+00
1.200000000E+02 2.953217266E+01 7.663926116E+00 1.893755480E+01 7.755609918E+00 3.644101342E+00
1.400000000E+02 2.674007099E+01 6.998940623E+00 1.735721522E+01 7.203609360E+00 3.359401846E+00
1.600000000E+02 2.446819446E+01 6.447080928E+00 1.602996000E+01 6.728522274E+00 3.118548456E+00
1.800000000E+02 2.258114493E+01 5.981763022E+00 1.490083191E+01 6.315880441E+00 2.912172054E+00
2.000000000E+02 2.098692282E+01 5.583990493E+00 1.392899192E+01 5.954312303E+00 2.733322390E+00
2.500000000E+02 1.790051309E+01 4.802483993E+00 1.200384359E+01 5.219943462E+00 2.375288195E+00
3.000000000E+02 1.566230499E+01 4.226906321E+00 1.057443604E+01 4.658481123E+00 2.105892300E+00
3.500000000E+02 1.395849998E+01 3.784052584E+00 9.469096568E+00 4.214472312E+00 1.895322153E+00
4.000000000E+02 1.261426709E+01 3.431882438E+00 8.587221415E+00 3.853899625E+00 1.725851833E+00
4.500000000E+02 1.152421324E+01 3.144533579E+00 7.866092088E+00 3.554786185E+00 1.586276770E+00
5.000000000E+02 1.062086944E+01 2.905208148E+00 7.264591473E+00 3.302304876E+00 1.469159780E+00
5.390000000E+02 1.001620608E+01 2.744403673E+00 6.860061799E+00 3.130957740E+00 1.390037707E+00
5.400000000E+02 1.000168821E+01 2.740540245E+00 6.850343629E+00 3.126819281E+00 1.388130290E+00
6.000000000E+02 9.206885551E+00 2.528416070E+00 6.316347628E+00 2.898646783E+00 1.283225650E+00
7.000000000E+02 8.147349779E+00 2.244311635E+00 5.600712116E+00 2.589340276E+00 1.141832681E+00
8.000000000E+02 7.321351081E+00 2.021759689E+00 5.039970162E+00 2.344099155E+00 1.030392096E+00
9.000000000E+02 6.657838696E+00 1.842294745E+00 4.587830534E+00 2.144464111E+00 9.401134074E-01
1.000000000E+03 6.112196549E+00 1.694238785E+00 4.214933865E+00 1.978515609E+00 8.653707177E-01
1.500000000E+03 4.396347865E+00 1.225783464E+00 3.036700872E+00 1.446099456E+00 6.274791884E-01
2.000000000E+03 3.462784120E+00 9.689234484E-01 2.392441341E+00 1.149391608E+00 4.962299779E-01
2.500000000E+03 2.873315995E+00 8.059607516E-01 1.984786706E+00 9.594189548E-01 4.127342842E-01
3.000000000E+03 2.465052990E+00 6.927146980E-01 1.702163109E+00 8.266140648E-01 3.546332051E-01
3.500000000E+03 2.164471651E+00 6.091270777E-01 1.493984302E+00 7.281747176E-01 3.117189225E-01
4.000000000E+03 1.933332119E+00 5.447218068E-01 1.333869504E+00 6.520850932E-01 2.786420162E-01
4.500000000E+03 1.749705950E+00 4.934721387E-01 1.206664625E+00 5.913876156E-01 2.523182621E-01
5.000000000E+03 1.600083877E+00 4.516556851E-01 1.103022962E+00 5.417635387E-01 2.308398496E-01
6.000000000E+03 1.370493595E+00 3.873844044E-01 9.440210861E-01 4.653183509E-01 1.978326573E-01
7.000000000E+03 1.202140404E+00 3.401699151E-01 8.274726388E-01 4.090260849E-01 1.735931423E-01
8.000000000E+03 1.073100173E+00 3.039282241E-01 7.381777863E-01 3.657385292E-01 1.549944552E-01
9.000000000E+03 9.708615893E-01 2.751796757E-01 6.674601424E-01 3.313525856E-01 1.402474474E-01
1.000000000E+04 8.877469552E-01 2.517851028E-01 6.099949575E-01 3.033388133E-01 1.282520114E-01
2.000000000E+04 5.810894459E-01 1.439510053E-01 3.425877097E-01 1.705428087E-01 7.167385280E-02
3.000000000E+04 4.147002851E-01 1.030823692E-01 2.444681842E-01 1.223189694E-01 5.124224228E-02
4.000000000E+04 3.282962303E-01 8.178322003E-02 1.935060606E-01 9.713319420E-02 4.060776271E-02
5.000000000E+04 2.751074784E-01 6.864061014E-02 1.621337490E-01 8.157273806E-02 3.405226452E-02
6.000000000E+04 2.389710129E-01 5.969595936E-02 1.408198812E-01 7.097349232E-02 2.959422326E-02
7.000000000E+04 2.127782634E-01 5.320386262E-02 1.253716511E-01 6.327567562E-02 2.636064675E-02
8.000000000E+04 1.929026338E-01 4.827215471E-02 1.136497948E-01 5.742524045E-02 2.390561168E-02
9.000000000E+04 1.772959593E-01 4.439620155E-02 1.044460826E-01 5.282548029E-02 2.197704279E-02
1.000000000E+05 1.647122177E-01 4.126861448E-02 9.702546669E-02 4.911267861E-02 2.042147460E-02
1.100000000E+05 1.550889058E-01 3.897121359E-02 9.153112345E-02 4.639428954E-02 1.927340418E-02
1.200000000E+05 1.464662711E-01 3.683365268E-02 8.646152583E-02 4.385588208E-02 1.821023173E-02
1.300000000E+05 1.391460320E-01 3.501923611E-02 8.216011361E-02 4.170091458E-02 1.730796820E-02
1.400000000E+05 1.328560236E-01 3.346057582E-02 7.846630342E-02 3.984949530E-02 1.653301628E-02
1.500000000E+05 1.273951726E-01 3.210785432E-02 7.526146372E-02 3.824254729E-02 1.586054731E-02
1.600000000E+05 1.226116553E-01 3.092343437E-02 7.245602395E-02 3.683542690E-02 1.527180900E-02
1.700000000E+05 1.183886543E-01 2.987834154E-02 6.998106893E-02 3.559375875E-02 1.475236947E-02
1.800000000E+05 1.146347951E-01 2.894990167E-02 6.778269651E-02 3.449063658E-02 1.429093783E-02
1.900000000E+05 1.112775644E-01 2.812011243E-02 6.581813196E-02 3.350469461E-02 1.387855196E-02
2.000000000E+05 1.082586696E-01 2.737449654E-02 6.405299126E-02 3.261874787E-02 1.350800627E-02
3.000000000E+05 8.933399724E-02 2.272227920E-02 5.303835371E-02 2.709125232E-02 1.119559962E-02
4.000000000E+05 8.022984036E-02 2.051536774E-02 4.780458083E-02 2.447058811E-02 1.009728096E-02
5.000000000E+05 7.507002844E-02 1.928968746E-02 4.488770293E-02 2.301672893E-02 9.485837946E-03
6.000000000E+05 7.186634056E-02 1.854933912E-02 4.311641419E-02 2.214002222E-02 9.115182152E-03
7.000000000E+05 6.976207917E-02 1.808062189E-02 4.198645394E-02 2.158629980E-02 8.879321974E-03
8.000000000E+05 6.832933651E-02 1.777686384E-02 4.124625211E-02 2.122867347E-02 8.725365376E-03
9.000000000E+05 6.733179071E-02 1.757923168E-02 4.075709193E-02 2.099715693E-02 8.624143482E-03
1.000000000E+06 6.529256817E-02 1.694480769E-02 3.932388523E-02 2.023298900E-02 8.318248931E-03
1.200000000E+06 6.401729133E-02 1.666178105E-02 3.864169117E-02 1.989864504E-02 8.175831248E-03
1.400000000E+06 6.322833115E-02 1.649736924E-02 3.823985120E-02 1.970527736E-02 8.092326574E-03
1.600000000E+06 6.272228265E-02 1.640076078E-02 3.799881055E-02 1.959241109E-02 8.042574166E-03
1.800000000E+06 6.239081835E-02 1.634510596E-02 3.785531097E-02 1.952810333E-02 8.013266680E-03
2.000000000E+06 6.217192929E-02 1.631518165E-02 3.777342441E-02 1.949425317E-02 7.996850378E-03
2.200000000E+06 6.202811211E-02 1.630188503E-02 3.773162092E-02 1.948004434E-02 7.988801949E-03
2.400000000E+06 6.193568109E-02 1.629954301E-02 3.771644731E-02 1.947874119E-02 7.986297397E-03
2.600000000E+06 6.187914594E-02 1.630450189E-02 3.771921260E-02 1.948600993E-02 7.987514253E-03
2.800000000E+06 6.184807990E-02 1.631434564E-02 3.773414897E-02 1.949898812E-02 7.991244502E-03
3.000000000E+06 6.183529670E-02 1.632744270E-02 3.775734430E-02 1.951574512E-02 7.996669966E-03
3.200000000E+06 6.183574208E-02 1.634267214E-02 3.778609780E-02 1.953495675E-02 8.003226705E-03
3.400000000E+06 6.184580082E-02 1.635925375E-02 3.781851807E-02 1.955570294E-02 8.010520601E-03
3.600000000E+06 6.186284997E-02 1.637663885E-02 3.785326584E-02 1.957733826E-02 8.018273239E-03
3.800000000E+06 6.188496367E-02 1.639443910E-02 3.788938526E-02 1.959940710E-02 8.026286441E-03
4.000000000E+06 6.191071219E-02 1.641237877E-02 3.792619002E-02 1.962158686E-02 8.034418399E-03
4.200000000E+06 6.193902629E-02 1.643026188E-02 3.796318651E-02 1.964364941E-02 8.042567567E-03
4.400000000E+06 6.196910109E-02 1.644794993E-02 3.800002007E-02 1.966543431E-02 8.050661314E-03
4.600000000E+06 6.200032602E-02 1.646534580E-02 3.803643680E-02 1.968683005E-02 8.058648066E-03
4.800000000E+06 6.203223802E-02 1.648238293E-02 3.807225713E-02 1.970776070E-02 8.066491613E-03
5.000000000E+06 6.206448406E-02 1.649901666E-02 3.810735601E-02 1.972817631E-02 8.074167067E-03
5.200000000E+06 6.209679565E-02 1.651521880E-02 3.814164909E-02 1.974804614E-02 8.081657991E-03
5.400000000E+06 6.212896804E-02 1.653097314E-02 3.817508188E-02 1.976735328E-02 8.088954043E-03
5.600000000E+06 6.216084621E-02 1.654627229E-02 3.820762259E-02 1.978609122E-02 8.096049568E-03
5.800000000E+06 6.219231442E-02 1.656111526E-02 3.823925581E-02 1.980426083E-02 8.102942279E-03
6.000000000E+06 6.222328555E-02 1.657550593E-02 3.826997873E-02 1.982186852E-02 8.109632427E-03
6.200000000E+06 6.225369698E-02 1.658945149E-02 3.829979759E-02 1.983892445E-02 8.116122061E-03
6.400000000E+06 6.228350348E-02 1.660296147E-02 3.832872528E-02 1.985544158E-02 8.122414607E-03
6.600000000E+06 6.231267404E-02 1.661604728E-02 3.835677955E-02 1.987143472E-02 8.128514429E-03
6.800000000E+06 6.234118948E-02 1.662872128E-02 3.838398145E-02 1.988691987E-02 8.134426528E-03
7.000000000E+06 6.236903820E-02 1.664099654E-02 3.841035434E-02 1.990191371E-02 8.140156358E-03
7.200000000E+06 6.239621671E-02 1.665288655E-02 3.843592314E-02 1.991643333E-02 8.145709657E-03
7.400000000E+06 6.242272621E-02 1.666440482E-02 3.846071360E-02 1.993049582E-02 8.151092263E-03
7.600000000E+06 6.244857198E-02 1.667556499E-02 3.848475182E-02 1.994411812E-02 8.156310068E-03
7.800000000E+06 6.247376213E-02 1.668638023E-02 3.850806390E-02 1.995731698E-02 8.161368982E-03
8.000000000E+06 6.249830778E-02 1.669686378E-02 3.853067581E-02 1.997010871E-02 8.166274808E-03
8.200000000E+06 6.252222201E-02 1.670702830E-02 3.855261313E-02 1.998250916E-02 8.171033203E-03
8.400000000E+06 6.254551850E-02 1.671688622E-02 3.857390054E-02 1.999453360E-02 8.175649707E-03
8.600000000E+06 6.256821186E-02 1.672644939E-02 3.859456252E-02 2.000619694E-02 8.180129727E-03
8.800000000E+06 6.259031791E-02 1.673572936E-02 3.861462242E-02 2.001751337E-02 8.184478453E-03
9.000000000E+06 6.261185276E-02 1.674473719E-02 3.863410295E-02 2.002849651E-02 8.188700860E-03
9.200000000E+06 6.263283191E-02 1.675348352E-02 3.865302602E-02 2.003915959E-02 8.192801842E-03
9.400000000E+06 6.265327225E-02 1.676197851E-02 3.867141270E-02 2.004951508E-02 8.196785987E-03
9.600000000E+06 6.267318933E-02 1.677023186E-02 3.868928323E-02 2.005957501E-02 8.200657758E-03
9.800000000E+06 6.269259905E-02 1.677825293E-02 3.870665692E-02 2.006935085E-02 8.204421421E-03
1.000000000E+07 6.271151699E-02 1.678605061E-02 3.872355249E-02 2.007885361E-02 8.208081076E-03
