8.000000000E+00 0.000000000E+00 0.000000000E+00 0.000000000E+00 0.000000000E+00 0.000000000E+00
9.000000000E+00 0.000000000E+00 0.000000000E+00 0.000000000E+00 0.000000000E+00 0.000000000E+00
1.000000000E+01 0.000000000E+00 0.000000000E+00 0.000000000E+00 0.000000000E+00 0.000000000E+00
1.100000000E+01 6.132911005E+00 0.000000000E+00 0.000000000E+00 0.000000000E+00 0.000000000E+00
1.200000000E+01 1.171738489E+01 0.000000000E+00 0.000000000E+00 0.000000000E+00 0.000000000E+00
1.300000000E+01 1.846527781E+01 0.000000000E+00 0.000000000E+00 0.000000000E+00 0.000000000E+00
1.400000000E+01 2.471388199E+01 3.130854580E+00 0.000000000E+00 0.000000000E+00 0.000000000E+00
1.500000000E+01 3.235878384E+01 5.996224267E+00 0.000000000E+00 0.000000000E+00 0.000000000E+00
1.600000000E+01 3.948600472E+01 9.487756432E+00 0.000000000E+00 0.000000000E+00 0.000000000E+00
1.700000000E+01 4.505268153E+01 1.275195157E+01 0.000000000E+00 0.000000000E+00 0.000000000E+00
1.800000000E+01 5.020061736E+01 1.676920649E+01 1.680859336E+00 0.000000000E+00 0.000000000E+00
1.900000000E+01 5.645978800E+01 2.053508073E+01 3.183827728E+00 0.000000000E+00 0.000000000E+00
2.000000000E+01 6.214139465E+01 2.517118808E+01 4.972722784E+00 0.000000000E+00 0.000000000E+00
2.200000000E+01 7.488588042E+01 3.409663998E+01 8.569146250E+00 0.000000000E+00 0.000000000E+00
2.400000000E+01 8.786691776E+01 4.339260393E+01 1.252109063E+01 0.000000000E+00 0.000000000E+00
2.600000000E+01 9.883073242E+01 5.336895811E+01 1.683609100E+01 0.000000000E+00 0.000000000E+00
2.800000000E+01 1.091941930E+02 6.367054370E+01 2.148380650E+01 0.000000000E+00 0.000000000E+00
3.000000000E+01 1.188274429E+02 7.392154335E+01 2.640432306E+01 0.000000000E+00 0.000000000E+00
3.200000000E+01 1.276806467E+02 8.380972025E+01 3.152093590E+01 0.000000000E+00 0.000000000E+00
3.400000000E+01 1.357448826E+02 9.312894625E+01 3.675260436E+01 5.267100786E+00 0.000000000E+00
3.600000000E+01 1.430392646E+02 1.017761187E+02 4.202318070E+01 1.036925892E+01 0.000000000E+00
3.800000000E+01 1.496052384E+02 1.097243067E+02 4.726690459E+01 1.536266044E+01 0.000000000E+00
4.000000000E+01 1.554992617E+02 1.169933419E+02 5.243074915E+01 2.025128081E+01 0.000000000E+00
4.200000000E+01 1.607847669E+02 1.236273893E+02 5.747449193E+01 2.502941526E+01 0.000000000E+00
4.400000000E+01 1.655257994E+02 1.296805901E+02 6.236937704E+01 2.968824102E+01 0.000000000E+00
4.600000000E+01 1.697830617E+02 1.352088092E+02 6.709610447E+01 3.421815064E+01 0.000000000E+00
4.800000000E+01 1.736119185E+02 1.402652880E+02 7.063713990E+01 3.860987812E+01 0.000000000E+00
5.000000000E+01 1.770616635E+02 1.448986038E+02 7.308887867E+01 4.285513279E+01 0.000000000E+00
5.500000000E+01 1.835738564E+02 1.509798268E+02 7.829338025E+01 5.276371495E+01 0.000000000E+00
6.000000000E+01 1.855540707E+02 1.546281906E+02 8.246427698E+01 6.166902481E+01 0.000000000E+00
6.500000000E+01 1.864953250E+02 1.570864566E+02 8.574261042E+01 6.954951416E+01 0.000000000E+00
7.000000000E+01 1.866732093E+02 1.586516860E+02 8.829641704E+01 7.769500308E+01 0.000000000E+00
7.500000000E+01 1.862837524E+02 1.595369514E+02 9.026278088E+01 8.233074072E+01 0.000000000E+00
8.000000000E+01 1.854689336E+02 1.598982818E+02 9.175197281E+01 8.857739127E+01 0.000000000E+00
8.500000000E+01 1.843336591E+02 1.598523677E+02 9.318476357E+01 9.196445382E+01 0.000000000E+00
9.000000000E+01 1.832700602E+02 1.594572136E+02 9.360910081E+01 9.660355886E+01 0.000000000E+00
9.500000000E+01 1.813732372E+02 1.591560336E+02 9.440658087E+01 9.902573535E+01 0.000000000E+00
1.000000000E+02 1.799424309E+02 1.580419679E+02 9.444901041E+01 1.024420464E+02 0.000000000E+00
1.100000000E+02 1.762377211E+02 1.560013589E+02 9.457655929E+01 1.066318674E+02 0.000000000E+00
1.200000000E+02 1.723545161E+02 1.535819856E+02 9.421879160E+01 1.095817210E+02 0.000000000E+00
1.400000000E+02 1.644997390E+02 1.481864881E+02 9.261165887E+01 1.128955649E+02 0.000000000E+00
1.600000000E+02 1.569043654E+02 1.425766596E+02 9.036675955E+01 1.139842788E+02 0.000000000E+00
1.800000000E+02 1.497623450E+02 1.370693377E+02 8.784962741E+01 1.138904305E+02 0.000000000E+00
2.000000000E+02 1.430917437E+02 1.318419862E+02 8.528423428E+01 1.128090498E+02 0.000000000E+00
2.500000000E+02 1.287028974E+02 1.199268726E+02 7.891232539E+01 1.082864139E+02 0.000000000E+00
3.000000000E+02 1.168295237E+02 1.099320963E+02 7.324308174E+01 1.031515446E+02 0.000000000E+00
3.500000000E+02 1.070412239E+02 1.014286712E+02 6.821829336E+01 9.783825256E+01 0.000000000E+00
4.000000000E+02 9.882081287E+01 9.421757909E+01 6.383751752E+01 9.291683231E+01 0.000000000E+00
4.500000000E+02 9.181076750E+01 8.799053647E+01 6.000084447E+01 8.829735727E+01 0.000000000E+00
5.000000000E+02 8.577846085E+01 8.257987329E+01 5.661766614E+01 8.406216547E+01 0.000000000E+00
5.390000000E+02 8.160527010E+01 7.883139899E+01 5.424925605E+01 8.102011358E+01 0.000000000E+00
5.400000000E+02 8.152609988E+01 7.873753853E+01 5.418907238E+01 8.093750608E+01 0.000000000E+00
6.000000000E+02 7.592668594E+01 7.364312223E+01 5.093749758E+01 7.665264495E+01 9.824634419E-02
7.000000000E+02 6.821501659E+01 6.656273337E+01 4.636146859E+01 7.044287441E+01 3.006617761E-01
8.000000000E+02 6.200700176E+01 6.080903101E+01 4.259624087E+01 6.519043177E+01 4.629581855E-01
9.000000000E+02 5.689607286E+01 5.603580494E+01 3.944185850E+01 6.069953055E+01 5.788564426E-01
1.000000000E+03 5.260854516E+01 5.200570249E+01 3.675672140E+01 5.681264233E+01 6.581393581E-01
1.500000000E+03 3.866951278E+01 3.873628881E+01 2.777870675E+01 4.348569490E+01 7.862650595E-01
2.000000000E+03 3.078170322E+01 3.110407163E+01 2.251582059E+01 3.544285181E+01 7.558388345E-01
2.500000000E+03 2.569619970E+01 2.613034873E+01 1.904370606E+01 3.006154680E+01 7.010924773E-01
3.000000000E+03 2.212993614E+01 2.261514720E+01 1.656825629E+01 2.619385969E+01 6.468464080E-01
3.500000000E+03 1.948225163E+01 1.998942890E+01 1.470668121E+01 2.327040762E+01 5.983081373E-01
4.000000000E+03 1.743406770E+01 1.794814180E+01 1.325154879E+01 2.097739844E+01 5.559830030E-01
4.500000000E+03 1.579966991E+01 1.631246055E+01 1.208024468E+01 1.912723171E+01 5.192278234E-01
5.000000000E+03 1.446337858E+01 1.497034362E+01 1.111542842E+01 1.760061530E+01 4.872044202E-01
6.000000000E+03 1.240532082E+01 1.289425725E+01 9.615900830E+00 1.522394781E+01 4.343773945E-01
7.000000000E+03 1.089072479E+01 1.135876753E+01 8.500880637E+00 1.345417766E+01 3.927308921E-01
8.000000000E+03 9.726906905E+00 1.017407809E+01 7.636839106E+00 1.208168561E+01 3.590865351E-01
9.000000000E+03 8.803156537E+00 9.230530914E+00 6.946151488E+00 1.098410790E+01 3.313318137E-01
1.000000000E+04 8.051220999E+00 8.460212781E+00 6.380503354E+00 1.008511695E+01 3.080198965E-01
2.000000000E+04 4.513474464E+00 4.794396028E+00 3.663889488E+00 5.718317913E+00 1.850081534E-01
3.000000000E+04 3.225783970E+00 3.449283242E+00 2.653697603E+00 4.130811160E+00 1.383707561E-01
4.000000000E+04 2.555487147E+00 2.744284057E+00 2.120450875E+00 3.294580801E+00 1.128862081E-01
5.000000000E+04 2.142370534E+00 2.307782702E+00 1.788726058E+00 2.775301070E+00 9.669161199E-02
6.000000000E+04 1.861461236E+00 2.009968004E+00 1.561609177E+00 2.420217782E+00 8.544346655E-02
7.000000000E+04 1.657742828E+00 1.793419691E+00 1.396021042E+00 2.161618417E+00 7.715538783E-02
8.000000000E+04 1.503107629E+00 1.628694430E+00 1.269786808E+00 1.964679686E+00 7.078619111E-02
9.000000000E+04 1.381641051E+00 1.499072492E+00 1.170273057E+00 1.809532290E+00 6.573372615E-02
1.000000000E+05 1.283681156E+00 1.394377908E+00 1.089773729E+00 1.684117336E+00 6.162659564E-02
1.100000000E+05 1.210230159E+00 1.317025663E+00 1.030364959E+00 1.594076043E+00 5.822169901E-02
1.200000000E+05 1.143078740E+00 1.245191784E+00 9.750156295E-01 1.508005511E+00 5.535323932E-02
1.300000000E+05 1.086080146E+00 1.184172575E+00 9.279528525E-01 1.434884662E+00 5.290412338E-02
1.400000000E+05 1.037112950E+00 1.131718293E+00 8.874607593E-01 1.372025134E+00 5.078922273E-02
1.500000000E+05 9.946097708E-01 1.086164641E+00 8.522683218E-01 1.317436923E+00 4.894511586E-02
1.600000000E+05 9.573870724E-01 1.046253448E+00 8.214135300E-01 1.269614807E+00 4.732355224E-02
1.700000000E+05 9.245341702E-01 1.011015588E+00 7.941545764E-01 1.227398779E+00 4.588722426E-02
1.800000000E+05 8.953414834E-01 9.796951483E-01 7.699125128E-01 1.189889294E+00 4.460656570E-02
1.900000000E+05 8.692379336E-01 9.516834290E-01 7.482200573E-01 1.156345404E+00 4.345817819E-02
2.000000000E+05 8.457720443E-01 9.264986189E-01 7.287076450E-01 1.126195790E+00 4.242308897E-02
3.000000000E+05 6.989223214E-01 7.689213841E-01 6.064185425E-01 9.379651994E-01 3.588612401E-02
4.000000000E+05 6.286078029E-01 6.936899836E-01 5.479108191E-01 8.487366937E-01 3.272291070E-02
5.000000000E+05 5.890110302E-01 6.515791296E-01 5.151326067E-01 7.993312779E-01 3.093709613E-02
6.000000000E+05 5.646318828E-01 6.258856050E-01 4.951305106E-01 7.696455052E-01 2.984037922E-02
7.000000000E+05 5.487919643E-01 6.094001777E-01 4.823021828E-01 7.509958524E-01 2.913270194E-02
8.000000000E+05 5.381581138E-01 5.985212274E-01 4.738448957E-01 7.390469161E-01 2.866304365E-02
9.000000000E+05 5.308902152E-01 5.912596358E-01 4.682091374E-01 7.314047972E-01 2.834756462E-02
1.000000000E+06 5.137854181E-01 5.711663265E-01 4.523954765E-01 7.044528770E-01 2.813628842E-02
1.200000000E+06 5.041979097E-01 5.611848087E-01 4.446136661E-01 6.931775256E-01 2.787304869E-02
1.400000000E+06 4.983712190E-01 5.552507349E-01 4.399939797E-01 6.867236552E-01 2.777184399E-02
1.600000000E+06 4.947204779E-01 5.516446715E-01 4.371929807E-01 6.830168190E-01 2.776136711E-02
1.800000000E+06 4.924037108E-01 5.494553090E-01 4.354984232E-01 6.809619091E-01 2.780399612E-02
2.000000000E+06 4.909404885E-01 5.481642618E-01 4.345051140E-01 6.799392879E-01 2.787849349E-02
2.200000000E+06 4.900412860E-01 5.474603199E-01 4.339698035E-01 6.795792304E-01 2.797225510E-02
2.400000000E+06 4.895239724E-01 5.471486006E-01 4.337401862E-01 6.796518263E-01 2.807751282E-02
2.600000000E+06 4.892699881E-01 5.471029168E-01 4.337176669E-01 6.800094624E-01 2.818934096E-02
2.800000000E+06 4.891999589E-01 5.472393092E-01 4.338366668E-01 6.805548916E-01 2.830455019E-02
3.000000000E+06 4.892595025E-01 5.475006631E-01 4.340525943E-01 6.812227217E-01 2.842104557E-02
3.200000000E+06 4.894106343E-01 5.478474126E-01 4.343345753E-01 6.819682656E-01 2.853743997E-02
3.400000000E+06 4.896263956E-01 5.482517435E-01 4.346609198E-01 6.827606095E-01 2.865281367E-02
3.600000000E+06 4.898873970E-01 5.486938713E-01 4.350162119E-01 6.835781813E-01 2.876656104E-02
3.800000000E+06 4.901795421E-01 5.491595959E-01 4.353893975E-01 6.844058514E-01 2.887829031E-02
4.000000000E+06 4.904924911E-01 5.496386593E-01 4.357725008E-01 6.852329951E-01 2.898775695E-02
4.200000000E+06 4.908186112E-01 5.501236243E-01 4.361597469E-01 6.860521755E-01 2.909481851E-02
4.400000000E+06 4.911522411E-01 5.506090933E-01 4.365469523E-01 6.868582333E-01 2.919940360E-02
4.600000000E+06 4.914891713E-01 5.510911586E-01 4.369310948E-01 6.876476485E-01 2.930149036E-02
4.800000000E+06 4.918262711E-01 5.515670086E-01 4.373100063E-01 6.884180891E-01 2.940109131E-02
5.000000000E+06 4.921612176E-01 5.520346450E-01 4.376821518E-01 6.891680862E-01 2.949824264E-02
5.200000000E+06 4.924922974E-01 5.524926744E-01 4.380464667E-01 6.898968000E-01 2.959299652E-02
5.400000000E+06 4.928182584E-01 5.529401560E-01 4.384022381E-01 6.906038488E-01 2.968541570E-02
5.600000000E+06 4.931382013E-01 5.533764893E-01 4.387490168E-01 6.912891831E-01 2.977556951E-02
5.800000000E+06 4.934514940E-01 5.538013270E-01 4.390865503E-01 6.919529930E-01 2.986353104E-02
6.000000000E+06 4.937577116E-01 5.542145134E-01 4.394147338E-01 6.925956400E-01 2.994937515E-02
6.200000000E+06 4.940565859E-01 5.546160344E-01 4.397335723E-01 6.932176050E-01 3.003317697E-02
6.400000000E+06 4.943479704E-01 5.550059826E-01 4.400431520E-01 6.938194502E-01 3.011501090E-02
6.600000000E+06 4.946318108E-01 5.553845275E-01 4.403436192E-01 6.944017914E-01 3.019494988E-02
6.800000000E+06 4.949081234E-01 5.557518958E-01 4.406351627E-01 6.949652758E-01 3.027306491E-02
7.000000000E+06 4.951769771E-01 5.561083528E-01 4.409180017E-01 6.955105663E-01 3.034942474E-02
7.200000000E+06 4.954384822E-01 5.564541932E-01 4.411923762E-01 6.960383304E-01 3.042409562E-02
7.400000000E+06 4.956927776E-01 5.567897280E-01 4.414585392E-01 6.965492313E-01 3.049714126E-02
7.600000000E+06 4.959400237E-01 5.571152787E-01 4.417167508E-01 6.970439209E-01 3.056862274E-02
7.800000000E+06 4.961803966E-01 5.574311721E-01 4.419672746E-01 6.975230368E-01 3.063859853E-02
8.000000000E+06 4.964140822E-01 5.577377357E-01 4.422103742E-01 6.979871975E-01 3.070712453E-02
8.200000000E+06 4.966412729E-01 5.580352935E-01 4.424463098E-01 6.984370023E-01 3.077425411E-02
8.400000000E+06 4.968621637E-01 5.583241651E-01 4.426753379E-01 6.988730277E-01 3.084003824E-02
8.600000000E+06 4.970769517E-01 5.586046633E-01 4.428977089E-01 6.992958290E-01 3.090452550E-02
8.800000000E+06 4.972858319E-01 5.588770919E-01 4.431136661E-01 6.997059383E-01 3.096776226E-02
9.000000000E+06 4.974889975E-01 5.591417470E-01 4.433234462E-01 7.001038656E-01 3.102979272E-02
9.200000000E+06 4.976866387E-01 5.593989144E-01 4.435272775E-01 7.004900986E-01 3.109065902E-02
9.400000000E+06 4.978789405E-01 5.596488696E-01 4.437253802E-01 7.008651037E-01 3.115040137E-02
9.600000000E+06 4.980660846E-01 5.598918794E-01 4.439179669E-01 7.012293259E-01 3.120905809E-02
9.800000000E+06 4.982482460E-01 5.601281989E-01 4.441052413E-01 7.015831900E-01 3.126666577E-02
1.000000000E+07 4.984255961E-01 5.603580748E-01 4.442873998E-01 7.019271017E-01 3.132325931E-02
