8.000000000E+00 0.000000000E+00 0.000000000E+00 0.000000000E+00 0.000000000E+00 0.000000000E+00
9.000000000E+00 0.000000000E+00 0.000000000E+00 0.000000000E+00 0.000000000E+00 0.000000000E+00
1.000000000E+01 0.000000000E+00 0.000000000E+00 0.000000000E+00 0.000000000E+00 0.000000000E+00
1.100000000E+01 6.213004590E+00 0.000000000E+00 0.000000000E+00 0.000000000E+00 0.000000000E+00
1.200000000E+01 1.183476388E+01 0.000000000E+00 0.000000000E+00 0.000000000E+00 0.000000000E+00
1.300000000E+01 1.855824234E+01 0.000000000E+00 0.000000000E+00 0.000000000E+00 0.000000000E+00
1.400000000E+01 2.471234901E+01 4.910095222E+00 0.000000000E+00 0.000000000E+00 0.000000000E+00
1.500000000E+01 3.216854708E+01 9.353624177E+00 0.000000000E+00 0.000000000E+00 0.000000000E+00
1.600000000E+01 3.907116710E+01 1.471565693E+01 0.000000000E+00 0.000000000E+00 0.000000000E+00
1.700000000E+01 4.253829312E+01 1.968046564E+01 0.000000000E+00 0.000000000E+00 0.000000000E+00
1.800000000E+01 4.579502079E+01 2.572455535E+01 1.499720316E+00 0.000000000E+00 0.000000000E+00
1.900000000E+01 4.987479872E+01 3.131784936E+01 2.850530296E+00 0.000000000E+00 0.000000000E+00
2.000000000E+01 5.367528575E+01 3.811394968E+01 4.474691159E+00 0.000000000E+00 0.000000000E+00
2.200000000E+01 6.256660961E+01 5.109183812E+01 7.801831375E+00 0.000000000E+00 0.000000000E+00
2.400000000E+01 7.203240136E+01 6.450862383E+01 1.155603552E+01 0.000000000E+00 0.000000000E+00
2.600000000E+01 8.048880056E+01 7.877166475E+01 1.576285027E+01 0.000000000E+00 0.000000000E+00
2.800000000E+01 8.869685573E+01 9.344728071E+01 2.040086308E+01 0.000000000E+00 0.000000000E+00
3.000000000E+01 9.647004023E+01 1.080659826E+02 2.540921735E+01 0.000000000E+00 0.000000000E+00
3.200000000E+01 1.037026997E+02 1.222277384E+02 3.070138250E+01 0.000000000E+00 0.000000000E+00
3.400000000E+01 1.103421692E+02 1.356577352E+02 3.617985585E+01 5.637629547E+00 0.000000000E+00
3.600000000E+01 1.163757413E+02 1.482070199E+02 4.174821565E+01 1.103304476E+01 0.000000000E+00
3.800000000E+01 1.218208849E+02 1.598228738E+02 4.731935843E+01 1.623959121E+01 0.000000000E+00
4.000000000E+01 1.267144656E+02 1.705141942E+02 5.282003438E+01 2.126071116E+01 0.000000000E+00
4.200000000E+01 1.311028732E+02 1.803240833E+02 5.819234232E+01 2.609233211E+01 0.000000000E+00
4.400000000E+01 1.350349375E+02 1.893117142E+02 6.339308313E+01 3.072921444E+01 0.000000000E+00
4.600000000E+01 1.385577579E+02 1.975415060E+02 6.839188833E+01 3.516696387E+01 0.000000000E+00
4.800000000E+01 1.417146628E+02 2.050771197E+02 7.218495731E+01 3.940277667E+01 0.000000000E+00
5.000000000E+01 1.445444513E+02 2.119783872E+02 7.488179939E+01 4.343567107E+01 0.000000000E+00
5.500000000E+01 1.498801286E+02 2.213327720E+02 8.061111545E+01 5.260572146E+01 0.000000000E+00
6.000000000E+01 1.515908384E+02 2.271235162E+02 8.518452602E+01 6.059819954E+01 0.000000000E+00
6.500000000E+01 1.524167020E+02 2.310844639E+02 8.876342404E+01 6.748193662E+01 0.000000000E+00
7.000000000E+01 1.525893078E+02 2.336561279E+02 9.153730625E+01 7.445240331E+01 0.000000000E+00
7.500000000E+01 1.522756569E+02 2.351630036E+02 9.366274913E+01 7.830316601E+01 0.000000000E+00
8.000000000E+01 1.515981493E+02 2.358474452E+02 9.526594491E+01 8.348092497E+01 0.000000000E+00
8.500000000E+01 1.506478995E+02 2.358929068E+02 9.678673721E+01 8.619914386E+01 0.000000000E+00
9.000000000E+01 1.497474469E+02 2.353926231E+02 9.726122663E+01 8.995514515E+01 0.000000000E+00
9.500000000E+01 1.481669823E+02 2.350287017E+02 9.810146045E+01 9.183740817E+01 0.000000000E+00
1.000000000E+02 1.469601436E+02 2.334147601E+02 9.816799462E+01 9.454815897E+01 0.000000000E+00
1.100000000E+02 1.438642539E+02 2.304643970E+02 9.832282442E+01 9.775610426E+01 0.000000000E+00
1.200000000E+02 1.406274394E+02 2.269263708E+02 9.796937433E+01 9.993759909E+01 0.000000000E+00
1.400000000E+02 1.341014834E+02 2.189835400E+02 9.633359387E+01 1.021867043E+02 0.000000000E+00
1.600000000E+02 1.278121126E+02 2.106957522E+02 9.403472710E+01 1.026388785E+02 0.000000000E+00
1.800000000E+02 1.219126325E+02 2.025474442E+02 9.145189762E+01 1.021570606E+02 0.000000000E+00
2.000000000E+02 1.164140352E+02 1.948094463E+02 8.881511513E+01 1.008934971E+02 0.000000000E+00
2.500000000E+02 1.045765018E+02 1.771574594E+02 8.226162248E+01 9.636266204E+01 0.000000000E+00
3.000000000E+02 9.483446480E+01 1.623513361E+02 7.641800034E+01 9.148059862E+01 0.000000000E+00
3.500000000E+02 8.681582770E+01 1.497537771E+02 7.123343902E+01 8.655920504E+01 0.000000000E+00
4.000000000E+02 8.009076175E+01 1.390741220E+02 6.670746204E+01 8.204971061E+01 0.000000000E+00
4.500000000E+02 7.436264333E+01 1.298529296E+02 6.273930850E+01 7.785424918E+01 0.000000000E+00
5.000000000E+02 6.943796949E+01 1.218423607E+02 5.923701553E+01 7.402885695E+01 0.000000000E+00
5.390000000E+02 6.603400413E+01 1.162938266E+02 5.678331279E+01 7.129102496E+01 0.000000000E+00
5.400000000E+02 6.596891136E+01 1.161548009E+02 5.672104903E+01 7.121710434E+01 0.000000000E+00
6.000000000E+02 6.140410040E+01 1.086153736E+02 5.334999875E+01 6.737369922E+01 9.608766544E-02
7.000000000E+02 5.512329492E+01 9.813996634E+01 4.860084913E+01 6.182526465E+01 2.940556047E-01
8.000000000E+02 5.007231573E+01 8.963036308E+01 4.468863669E+01 5.714913869E+01 4.527860208E-01
9.000000000E+02 4.591753829E+01 8.257309891E+01 4.140781644E+01 5.316169152E+01 5.661377495E-01
1.000000000E+03 4.243476273E+01 7.661617067E+01 3.861267501E+01 4.971790713E+01 6.436786526E-01
1.500000000E+03 3.112954853E+01 5.701578270E+01 2.924842203E+01 3.795379744E+01 7.689891630E-01
2.000000000E+03 2.474575785E+01 4.575264598E+01 2.374474227E+01 3.088426954E+01 7.392314662E-01
2.500000000E+03 2.063610636E+01 3.841765565E+01 2.010718365E+01 2.616592011E+01 6.856880016E-01
3.000000000E+03 1.775743792E+01 3.323641629E+01 1.751010198E+01 2.278037577E+01 6.326338324E-01
3.500000000E+03 1.562219458E+01 2.936793682E+01 1.555483700E+01 2.022451857E+01 5.851620496E-01
4.000000000E+03 1.397168230E+01 2.636161461E+01 1.402502824E+01 1.822176718E+01 5.437668875E-01
4.500000000E+03 1.265547560E+01 2.395341759E+01 1.279262547E+01 1.660706798E+01 5.078192965E-01
5.000000000E+03 1.157995103E+01 2.197798140E+01 1.177677547E+01 1.527561328E+01 4.764995148E-01
6.000000000E+03 9.924682971E+00 1.892329127E+01 1.019656862E+01 1.320439647E+01 4.248332099E-01
7.000000000E+03 8.707517049E+00 1.666492895E+01 9.020392077E+00 1.166341042E+01 3.841017687E-01
8.000000000E+03 7.772886990E+00 1.492310033E+01 8.108213927E+00 1.046916637E+01 3.511966490E-01
9.000000000E+03 7.031483734E+00 1.353621634E+01 7.378541946E+00 9.514673359E+00 3.240517572E-01
1.000000000E+04 6.428287268E+00 1.240423828E+01 6.780607696E+00 8.733251212E+00 3.012520518E-01
2.000000000E+04 3.594888215E+00 7.021619924E+00 3.904243950E+00 4.937425699E+00 1.809431353E-01
3.000000000E+04 2.565897434E+00 5.048669700E+00 2.831523414E+00 3.563507003E+00 1.353304597E-01
4.000000000E+04 2.030961386E+00 4.015233047E+00 2.264476940E+00 2.840499864E+00 1.104058607E-01
5.000000000E+04 1.701562503E+00 3.375641710E+00 1.911393465E+00 2.391818331E+00 9.456709398E-02
6.000000000E+04 1.477727646E+00 2.939394118E+00 1.669487933E+00 2.085153631E+00 8.356609394E-02
7.000000000E+04 1.315484823E+00 2.622262805E+00 1.493022984E+00 1.861896932E+00 7.546012174E-02
8.000000000E+04 1.192384518E+00 2.381072256E+00 1.358438014E+00 1.691922854E+00 6.923086966E-02
9.000000000E+04 1.095723144E+00 2.191309638E+00 1.252303669E+00 1.558050082E+00 6.428941798E-02
1.000000000E+05 1.017791676E+00 2.038060744E+00 1.166422549E+00 1.449854457E+00 6.027252976E-02
1.100000000E+05 9.590891496E-01 1.924851307E+00 1.103311517E+00 1.372006953E+00 5.694244587E-02
1.200000000E+05 9.056689050E-01 1.819724083E+00 1.044260197E+00 1.297762427E+00 5.413701227E-02
1.300000000E+05 8.603311824E-01 1.730432047E+00 9.940430159E-01 1.234694495E+00 5.174170856E-02
1.400000000E+05 8.213856598E-01 1.653679701E+00 9.508323868E-01 1.180481509E+00 4.967327672E-02
1.500000000E+05 7.875837877E-01 1.587029410E+00 9.132741687E-01 1.133405214E+00 4.786968876E-02
1.600000000E+05 7.579829955E-01 1.528638574E+00 8.803432011E-01 1.092166138E+00 4.628375430E-02
1.700000000E+05 7.318581641E-01 1.477088034E+00 8.512488100E-01 1.055762979E+00 4.487898547E-02
1.800000000E+05 7.086443968E-01 1.431271120E+00 8.253736007E-01 1.023419352E+00 4.362646566E-02
1.900000000E+05 6.878871733E-01 1.390296274E+00 8.022197072E-01 9.944958569E-01 4.250331064E-02
2.000000000E+05 6.692271911E-01 1.353458302E+00 7.813928017E-01 9.684995063E-01 4.149096451E-02
3.000000000E+05 5.524222845E-01 1.123010387E+00 6.508943161E-01 8.061917268E-01 3.509763041E-02
4.000000000E+05 4.964263988E-01 1.013018502E+00 5.885270665E-01 7.292180736E-01 3.200391956E-02
5.000000000E+05 4.648280821E-01 9.514620712E-01 5.536537176E-01 6.865604140E-01 3.025734308E-02
6.000000000E+05 4.453166509E-01 9.139101095E-01 5.324325390E-01 6.608943300E-01 2.918472335E-02
7.000000000E+05 4.325896342E-01 8.898199371E-01 5.188751593E-01 6.447383295E-01 2.849259523E-02
8.000000000E+05 4.240009750E-01 8.739253826E-01 5.099852006E-01 6.343575921E-01 2.803325632E-02
9.000000000E+05 4.180898989E-01 8.633182970E-01 5.041060818E-01 6.276899400E-01 2.772470902E-02
1.000000000E+06 4.048807354E-01 8.339365432E-01 4.868168513E-01 6.046990956E-01 2.751807500E-02
1.200000000E+06 3.971765654E-01 8.193532994E-01 4.785933375E-01 5.949316037E-01 2.726061921E-02
1.400000000E+06 3.924632802E-01 8.106853044E-01 4.737450052E-01 5.893201521E-01 2.716163819E-02
1.600000000E+06 3.894837892E-01 8.054193450E-01 4.708344614E-01 5.860785859E-01 2.715139151E-02
1.800000000E+06 3.875697076E-01 8.022234938E-01 4.691002085E-01 5.842636806E-01 2.719308387E-02
2.000000000E+06 3.863392626E-01 8.003401535E-01 4.681094342E-01 5.833415084E-01 2.726594437E-02
2.200000000E+06 3.855620970E-01 7.993145315E-01 4.676026046E-01 5.829933154E-01 2.735764584E-02
2.400000000E+06 3.850930883E-01 7.988618473E-01 4.674174399E-01 5.830207594E-01 2.746059083E-02
2.600000000E+06 3.848376077E-01 7.987977157E-01 4.674490558E-01 5.832963965E-01 2.756996187E-02
2.800000000E+06 3.847321790E-01 7.989994627E-01 4.676278200E-01 5.837361907E-01 2.768263971E-02
3.000000000E+06 3.847332159E-01 7.993836430E-01 4.679064868E-01 5.842835713E-01 2.779657545E-02
3.200000000E+06 3.848101969E-01 7.998924551E-01 4.682524274E-01 5.848998300E-01 2.791041241E-02
3.400000000E+06 3.849413974E-01 8.004852686E-01 4.686427863E-01 5.855581473E-01 2.802325112E-02
3.600000000E+06 3.851111411E-01 8.011331857E-01 4.690613758E-01 5.862397729E-01 2.813449921E-02
3.800000000E+06 3.853079869E-01 8.018154676E-01 4.694966359E-01 5.869315257E-01 2.824377355E-02
4.000000000E+06 3.855235066E-01 8.025171354E-01 4.699402674E-01 5.876241228E-01 2.835083498E-02
4.200000000E+06 3.857514462E-01 8.032273303E-01 4.703862973E-01 5.883110419E-01 2.845554417E-02
4.400000000E+06 3.859871392E-01 8.039381733E-01 4.708304308E-01 5.889877360E-01 2.855783131E-02
4.600000000E+06 3.862270911E-01 8.046439615E-01 4.712695947E-01 5.896510818E-01 2.865767501E-02
4.800000000E+06 3.864686806E-01 8.053405934E-01 4.717016119E-01 5.902989889E-01 2.875508752E-02
5.000000000E+06 3.867099422E-01 8.060251545E-01 4.721249665E-01 5.909301193E-01 2.885010423E-02
5.200000000E+06 3.869494071E-01 8.066956141E-01 4.725386327E-01 5.915436844E-01 2.894277617E-02
5.400000000E+06 3.871859839E-01 8.073506024E-01 4.729419492E-01 5.921392969E-01 2.903316471E-02
5.600000000E+06 3.874188710E-01 8.079892461E-01 4.733345265E-01 5.927168613E-01 2.912133764E-02
5.800000000E+06 3.876474872E-01 8.086110416E-01 4.737161763E-01 5.932764940E-01 2.920736648E-02
6.000000000E+06 3.878714239E-01 8.092157649E-01 4.740868607E-01 5.938184632E-01 2.929132441E-02
6.200000000E+06 3.880904031E-01 8.098033990E-01 4.744466521E-01 5.943431439E-01 2.937328493E-02
6.400000000E+06 3.883042496E-01 8.103740815E-01 4.747957038E-01 5.948509851E-01 2.945332079E-02
6.600000000E+06 3.885128667E-01 8.109280632E-01 4.751342275E-01 5.953424849E-01 2.953150334E-02
6.800000000E+06 3.887162181E-01 8.114656777E-01 4.754624760E-01 5.958181710E-01 2.960790203E-02
7.000000000E+06 3.889143137E-01 8.119873150E-01 4.757807299E-01 5.962785876E-01 2.968258406E-02
7.200000000E+06 3.891071999E-01 8.124934075E-01 4.760892883E-01 5.967242848E-01 2.975561427E-02
7.400000000E+06 3.892949494E-01 8.129844117E-01 4.763884608E-01 5.971558109E-01 2.982705495E-02
7.600000000E+06 3.894776548E-01 8.134607991E-01 4.766785613E-01 5.975737068E-01 2.989696583E-02
7.800000000E+06 3.896554236E-01 8.139230490E-01 4.769599049E-01 5.979785023E-01 2.996540411E-02
8.000000000E+06 3.898283742E-01 8.143716410E-01 4.772328037E-01 5.983707123E-01 3.003242444E-02
8.200000000E+06 3.899966319E-01 8.148070504E-01 4.774975643E-01 5.987508365E-01 3.009807905E-02
8.400000000E+06 3.901603261E-01 8.152297451E-01 4.777544871E-01 5.991193563E-01 3.016241775E-02
8.600000000E+06 3.903195901E-01 8.156401836E-01 4.780038639E-01 5.994767358E-01 3.022548810E-02
8.800000000E+06 3.904745565E-01 8.160388108E-01 4.782459777E-01 5.998234202E-01 3.028733541E-02
9.000000000E+06 3.906253587E-01 8.164260604E-01 4.784811022E-01 6.001598365E-01 3.034800293E-02
9.200000000E+06 3.907721287E-01 8.168023509E-01 4.787095010E-01 6.004863936E-01 3.040753187E-02
9.400000000E+06 3.909149959E-01 8.171680860E-01 4.789314280E-01 6.008034823E-01 3.046596156E-02
9.600000000E+06 3.910540879E-01 8.175236559E-01 4.791471273E-01 6.011114762E-01 3.052332947E-02
9.800000000E+06 3.911895284E-01 8.178694348E-01 4.793568326E-01 6.014107318E-01 3.057967139E-02
1.000000000E+07 3.913214390E-01 8.182057833E-01 4.795607688E-01 6.017015899E-01 3.063502144E-02
